Estado Inicial: 1

Estado(s) Final(es): 1, 2, 3, 5, 6

PARTE 1: 
      |  a  |  b  |  c  |  d  |  e  |  f  |  g  |  h  |  i  |  j  |  k  |  l  |  m  |  n  |  o  |  p  |  q  |  r  |  s  |
-------------------------------------------------------------------------------------------------------------------------
    1 |   0 |   0 |   0 |   0 |   0 |   0 |   0 |   0 |   0 |   0 |   0 |   0 |   0 |   0 |   0 |   0 |   0 |   0 |   0 |
    2 |   0 |   0 |   0 |   0 |   0 |   0 |   0 |   0 |   0 |   0 |   0 |   0 |   0 |   0 |   0 |   0 |   0 |   0 |   0 |
    3 |   0 |   0 |   0 |   0 |   0 |   0 |   0 |   0 |   0 |   0 |   0 |   0 |   0 |   0 |   0 |   0 |   0 |   0 |   0 |
    4 |   0 |   0 |   0 |   0 |   0 |   0 |   0 |   0 |   0 |   0 |   0 |   0 |   0 |   0 |   0 |   0 |   0 |   0 |   0 |
    5 |   0 |   0 |   0 |   0 |   0 |   0 |   0 |   0 |   0 |   0 |   0 |   0 |   0 |   0 |   0 |   0 |   0 |   0 |   0 |
    6 |   0 |   0 |   0 |   0 |   0 |   0 |   0 |   0 |   0 |   0 |   0 |   0 |   0 |   0 |   0 |   0 |   0 |   0 |   0 |
    0 |   0 |   0 |   0 |   0 |   0 |   0 |   0 |   0 |   0 |   0 |   0 |   0 |   0 |   0 |   0 |   0 |   0 |   0 |   0 |

PARTE 2: 
      |  t  |  u  |  v  |  w  |  x  |  y  |  z  |  A  |  B  |  C  |  D  |  E  |  F  |  G  |  H  |  I  |  J  |  K  |  L  |
-------------------------------------------------------------------------------------------------------------------------
    1 |   0 |   0 |   0 |   0 |   0 |   0 |   0 |   2 |   3 |   0 |   0 |   0 |   0 |   0 |   0 |   0 |   0 |   0 |   0 |
    2 |   0 |   0 |   0 |   0 |   0 |   0 |   0 |   4 |   5 |   0 |   0 |   0 |   0 |   0 |   0 |   0 |   0 |   0 |   0 |
    3 |   0 |   0 |   0 |   0 |   0 |   0 |   0 |   4 |   3 |   0 |   0 |   0 |   0 |   0 |   0 |   0 |   0 |   0 |   0 |
    4 |   0 |   0 |   0 |   0 |   0 |   0 |   0 |   0 |   6 |   0 |   0 |   0 |   0 |   0 |   0 |   0 |   0 |   0 |   0 |
    5 |   0 |   0 |   0 |   0 |   0 |   0 |   0 |   4 |   3 |   0 |   0 |   0 |   0 |   0 |   0 |   0 |   0 |   0 |   0 |
    6 |   0 |   0 |   0 |   0 |   0 |   0 |   0 |   4 |   0 |   0 |   0 |   0 |   0 |   0 |   0 |   0 |   0 |   0 |   0 |
    0 |   0 |   0 |   0 |   0 |   0 |   0 |   0 |   0 |   0 |   0 |   0 |   0 |   0 |   0 |   0 |   0 |   0 |   0 |   0 |

PARTE 3: 
      |  M  |  N  |  O  |  P  |  Q  |  R  |  S  |  T  |  U  |  V  |  W  |  X  |  Y  |  Z  |  0  |  1  |  2  |  3  |  4  |
-------------------------------------------------------------------------------------------------------------------------
    1 |   0 |   0 |   0 |   0 |   0 |   0 |   0 |   0 |   0 |   0 |   0 |   0 |   0 |   0 |   0 |   0 |   0 |   0 |   0 |
    2 |   0 |   0 |   0 |   0 |   0 |   0 |   0 |   0 |   0 |   0 |   0 |   0 |   0 |   0 |   0 |   0 |   0 |   0 |   0 |
    3 |   0 |   0 |   0 |   0 |   0 |   0 |   0 |   0 |   0 |   0 |   0 |   0 |   0 |   0 |   0 |   0 |   0 |   0 |   0 |
    4 |   0 |   0 |   0 |   0 |   0 |   0 |   0 |   0 |   0 |   0 |   0 |   0 |   0 |   0 |   0 |   0 |   0 |   0 |   0 |
    5 |   0 |   0 |   0 |   0 |   0 |   0 |   0 |   0 |   0 |   0 |   0 |   0 |   0 |   0 |   0 |   0 |   0 |   0 |   0 |
    6 |   0 |   0 |   0 |   0 |   0 |   0 |   0 |   0 |   0 |   0 |   0 |   0 |   0 |   0 |   0 |   0 |   0 |   0 |   0 |
    0 |   0 |   0 |   0 |   0 |   0 |   0 |   0 |   0 |   0 |   0 |   0 |   0 |   0 |   0 |   0 |   0 |   0 |   0 |   0 |

PARTE 4: 
      |  5  |  6  |  7  |  8  |  9  |  @  |  (  |  )  |  *  |  +  |  ,  |  -  |  .  |  /  |  :  |  ;  |
-------------------------------------------------------------------------------------------------------
    1 |   0 |   0 |   0 |   0 |   0 |   0 |   0 |   0 |   0 |   0 |   0 |   0 |   0 |   0 |   0 |   0 |
    2 |   0 |   0 |   0 |   0 |   0 |   0 |   0 |   0 |   0 |   0 |   0 |   0 |   0 |   0 |   0 |   0 |
    3 |   0 |   0 |   0 |   0 |   0 |   0 |   0 |   0 |   0 |   0 |   0 |   0 |   0 |   0 |   0 |   0 |
    4 |   0 |   0 |   0 |   0 |   0 |   0 |   0 |   0 |   0 |   0 |   0 |   0 |   0 |   0 |   0 |   0 |
    5 |   0 |   0 |   0 |   0 |   0 |   0 |   0 |   0 |   0 |   0 |   0 |   0 |   0 |   0 |   0 |   0 |
    6 |   0 |   0 |   0 |   0 |   0 |   0 |   0 |   0 |   0 |   0 |   0 |   0 |   0 |   0 |   0 |   0 |
    0 |   0 |   0 |   0 |   0 |   0 |   0 |   0 |   0 |   0 |   0 |   0 |   0 |   0 |   0 |   0 |   0 |

